     0.0334511111   10.204598672   16.883994120              1.050

     0.0334511121   13.899598676   16.883994120              1.050

     5.6127916321   6.5131139631   16.883994120              1.050

     5.6127916321   10.208113962   16.883994120              1.050

     0.0334511121   17.594598676   16.883994120              1.050

     0.0334511121   21.289598676   16.883994120              1.050

     5.6127916331   13.903113966   16.883994120              1.050

     5.6127916321   17.598113966   16.883994120              1.050

     5.6127916321   21.293113966   16.883994120              1.050

    0.0334511131   2.8145986721   16.883994120              1.050

    0.0334511121   6.5095986721   16.883994120              1.050

    5.6127916321   2.8181139621   16.883994120              1.050

    5.5458395461   8.3310117791   5.4989691201              1.050

    5.5458395451   4.6360117791   5.4989691201              1.050

    5.5458395461   15.721011776   5.4989691201              1.050

    5.5458395461   12.026011776   5.4989691201              1.050

    5.5458395461   19.416011776   5.4989691201              1.050

    5.5458395461   0.9410117791   5.4989691201              1.050

    11.192137609   17.587568096   16.883994120              1.050

    11.192137609   21.282568086   16.883994120              1.050

    16.771478129   13.896083376   16.883994120              1.050

    16.771478129   17.591083386   16.883994120              1.050

    16.771478129   21.286083376   16.883994120              1.050

    11.192137609   2.8075680911   16.883994120              1.050

    11.192137609   6.5025680901   16.883994120              1.050

    16.771478129   2.8110833811   16.883994120              1.050

    11.192137609   10.197568090   16.883994120              1.050

    11.192137609   13.892568096   16.883994120              1.050

    16.771478129   6.5060833811   16.883994120              1.050

    16.771478129   10.201083381   16.883994120              1.050

    11.125185529   19.405465906   5.4989691201              1.050

    11.125185529   15.710465906   5.4989691201              1.050

    16.704526049   15.713981196   5.4989691201              1.050

    16.704526049   12.018981196   5.4989691201              1.050

    22.283866566   12.022496486   5.4989691201              1.050

    22.283866565   8.3274964881   5.4989691201              1.050

    16.704526049   19.408981196   5.4989691201              1.050

    22.283866565   19.412496486   5.4989691201              1.050

    22.283866565   15.717496486   5.4989691201              1.050

    11.125185529   4.6254659071   5.4989691201              1.050

    11.125185529   0.9304659071   5.4989691201              1.050

    16.704526049   0.9339811981   5.4989691201              1.050

    11.125185529   12.015465906   5.4989691201              1.050

    11.125185529   8.3204659071   5.4989691201              1.050

    16.704526049   8.3239811971   5.4989691201              1.050

    16.704526049   4.6289811981   5.4989691201              1.050

    22.283866566   4.6324964881   5.4989691201              1.050

    22.283866566   0.9374964891   5.4989691201              1.050

     1.3948101981   11.764746403   2.2656305401               2.100

     1.3948101991   8.6609464021   2.2656305401               2.100

     1.3948101991   19.154746406   2.2656305401               2.100

     1.3948101991   16.050946406   2.2656305401               2.100

     1.3948101991   4.3747464031   2.2656305401               2.100

     1.3948101991   1.2709464021   2.2656305401               2.100

     2.4102501731   13.886316186   4.2010796901               2.100

     2.4102501731   21.276316186   4.2010796901               2.100

     2.4102501741   6.4963161861   4.2010796901               2.100

    6.9741507191   8.0732616931   2.2656305401               2.100

    6.9741507191   4.9694616931   2.2656305401               2.100

    6.9741507191   15.463261696   2.2656305401               2.100

    6.9741507191   12.359461696   2.2656305401               2.100

    6.9741507191   19.749461696   2.2656305401               2.100

    6.9741507191   0.6832616941   2.2656305401               2.100

    7.9895961491   17.570770316   4.2010796901               2.100

    7.9895961491   2.7907703141   4.2010796901               2.100

    7.9895961491   10.180770313   4.2010796901               2.100

    12.553496699   19.147715816   2.2656305401               2.100

    12.553496699   16.043915816   2.2656305401               2.100

    12.553496699   4.3677158211   2.2656305401               2.100

    12.553496699   1.2639158211   2.2656305401               2.100

    12.553496699   11.757715822   2.2656305401               2.100

    12.553496699   8.6539158211   2.2656305401               2.100

    13.568936669   13.879285606   4.2010796901               2.100

    13.568936669   21.269285606   4.2010796901               2.100

    13.568936669   6.4892856041   4.2010796901               2.100

    18.132837219   15.456231116   2.2656305401               2.100

    18.132837219   12.352431116   2.2656305401               2.100

    18.132837219   19.742431116   2.2656305401               2.100

    18.132837219   0.6762311121   2.2656305401               2.100

    18.132837219   8.0662311121   2.2656305401               2.100

    18.132837219   4.9624311121   2.2656305401               2.100

    19.148277189   10.187800895   4.2010796901               2.100

    19.148277189   17.577800896   4.2010796901               2.100

    19.148277189   2.7978008951   4.2010796901               2.100

    1.3948101981   19.745946406   9.4609473801               2.100

    1.3948101991   12.355946406   9.4609473801               2.100

    1.3948101991   4.9659464031   9.4609473801               2.100

    1.3948101991   8.0697464031   9.4837173701               2.100

    1.3948101991   15.459746406   9.4837173701               2.100

    1.3948101991   0.6797464031   9.4837173701               2.100

    2.3209807241   17.581259946   7.4116482801               2.100

    2.3209807251   10.191259941   7.4116482801               2.100

    2.3209807251   2.8012599421   7.4116482801               2.100

    6.9741507181   16.054461696   9.4609473801               2.100

    6.9741507191   8.6644616941   9.4609473801               2.100

    6.9741507191   1.2744616931   9.4609473801               2.100

    6.9741507191   4.3782616931   9.4837173701               2.100

    6.9741507191   11.768261694   9.4837173701               2.100

    6.9741507191   19.158261696   9.4837173701               2.100

    7.9003267091   21.265714066   7.4116482801               2.100

    7.9003267091   6.4857140691   7.4116482801               2.100

    7.9003267091   13.875714066   7.4116482801               2.100

    12.553496699   19.738915826   9.4609473801               2.100

    12.553496699   4.9589158221   9.4609473801               2.100

    12.553496699   12.348915816   9.4609473801               2.100

    12.553496699   15.452715816   9.4837173701               2.100

    12.553496699   0.6727158211   9.4837173701               2.100

    12.553496699   8.0627158221   9.4837173701               2.100

    13.479667219   17.574229356   7.4116482801               2.100

    13.479667229   2.7942293601   7.4116482801               2.100

    13.479667229   10.184229360   7.4116482801               2.100

    18.132837219   16.047431116   9.4609473801               2.100

    18.132837219   1.2674311121   9.4609473801               2.100

    18.132837219   8.6574311121   9.4609473801               2.100

    18.132837219   11.761231112   9.4837173701               2.100

    18.132837219   19.151231116   9.4837173701               2.100

    18.132837219   4.3712311121   9.4837173701               2.100

    19.059007739   21.272744646   7.4116482801               2.100

    19.059007749   13.882744656   7.4116482801               2.100

    19.059007749   6.4927446511   7.4116482801               2.100

    3.1690404841   12.039294266   15.586104690               2.100

    3.1690404841   19.429294266   15.586104690               2.100

    3.1690404841   4.6492942661   15.586104690               2.100

    4.1844804591   6.7708640481   13.650655540               2.100

    4.1844804591   9.8746640481   13.650655540               2.100

    4.1844804591   14.160864046   13.650655540               2.100

    4.1844804591   17.264664046   13.650655540               2.100

    4.1844804591   21.550864046   13.650655540               2.100

    4.1844804601   2.4846640481   13.650655540               2.100

    8.7483864591   0.9437483931   15.586104690               2.100

    8.7483864591   8.3337483931   15.586104690               2.100

    8.7483864591   15.723748396   15.586104690               2.100

    9.7638264391   17.845318176   13.650655540               2.100

    9.7638264391   20.949118176   13.650655540               2.100

    9.7638264391   3.0653181761   13.650655540               2.100

    9.7638264391   6.1691181761   13.650655540               2.100

    9.7638264391   10.455318176   13.650655540               2.100

    9.7638264391   13.559118176   13.650655540               2.100

    14.327726989   19.422263686   15.586104690               2.100

    14.327726989   4.6422636841   15.586104690               2.100

    14.327726989   12.032263686   15.586104690               2.100

    15.343166959   14.153833466   13.650655540               2.100

    15.343166959   17.257633466   13.650655540               2.100

    15.343166959   21.543833466   13.650655540               2.100

    15.343166959   2.4776334661   13.650655540               2.100

    15.343166959   6.7638334671   13.650655540               2.100

    15.343166959   9.8676334671   13.650655540               2.100

   19.907067499   15.730778976   15.586104690               2.100

   19.907067499   0.9507789751   15.586104690               2.100

   19.907067499   8.3407789751   15.586104690               2.100

   20.922507479   10.462348757   13.650655540               2.100

   20.922507479   13.566148756   13.650655540               2.100

   20.922507479   17.852348756   13.650655540               2.100

   20.922507479   20.956148756   13.650655540               2.100

   20.922507479   3.0723487571   13.650655540               2.100

   20.922507479   6.1761487571   13.650655540               2.100

   3.2583099321   15.734350506   18.796673280               2.100

   3.2583099331   8.3443505101   18.796673280               2.100

   3.2583099331   0.9543505091   18.796673280               2.100

   4.1844804581   13.569664046   20.845972380               2.100

   4.1844804581   20.959664046   20.845972380               2.100

   4.1844804591   6.1796640481   20.845972380               2.100

   4.1844804591   10.465864049   20.868742370               2.100

   4.1844804591   17.855864046   20.868742370               2.100

   4.1844804591   3.0758640481   20.868742370               2.100

   8.8376559091   19.418804636   18.796673280               2.100

   8.8376559091   4.6388046381   18.796673280               2.100

   8.8376559091   12.028804636   18.796673280               2.100

   9.7638264391   17.254118176   20.845972380               2.100

   9.7638264391   2.4741181761   20.845972380               2.100

   9.7638264391   9.8641181771   20.845972380               2.100

   9.7638264391   21.540318176   20.868742370               2.100

   9.7638264391   6.7603181771   20.868742370               2.100

   9.7638264391   14.150318176   20.868742370               2.100

   14.416996429   15.727319926   18.796673280               2.100

   14.416996429   0.9473199291   18.796673280               2.100

   14.416996429   8.3373199281   18.796673280               2.100

   15.343166959   13.562633466   20.845972380               2.100

   15.343166959   20.952633466   20.845972380               2.100

   15.343166959   6.1726334671   20.845972380               2.100

   15.343166959   17.848833466   20.868742370               2.100

   15.343166959   3.0688334671   20.868742370               2.100

   15.343166959   10.458833466   20.868742370               2.100

   19.996336949   12.035835216   18.796673280               2.100

   19.996336949   19.425835216   18.796673280               2.100

   19.996336949   4.6458352191   18.796673280               2.100

   20.922507478   17.261148756   20.845972380               2.100

   20.922507478   14.157348756   20.868742370               2.100

   20.922507479   9.8711487571   20.845972380               2.100

   20.922507479   2.4811487581   20.845972380               2.100

   20.922507479   21.547348756   20.868742370               2.100

   20.922507479   6.7673487571   20.868742370               2.100

      4.1844804591   4.6499340481   20.299492620               -1.050

      4.1844804591   10.783634047   15.107934900               -1.050

      4.1844804581   5.9062340481   15.107934900               -1.050

      4.1844804591   9.4164840481   19.434233000               -1.050

      4.1844804591   7.1255840481   19.434233000               -1.050

      4.1844804591   8.3449340481   14.128825330               -1.050

      4.1844804591   12.039934046   20.299492620               -1.050

      4.1844804591   18.173634046   15.107934900               -1.050

      4.1844804591   13.296234046   15.107934900               -1.050

     4.1844804591   16.806484046   19.434233000               -1.050

     4.1844804591   14.515584046   19.434233000               -1.050

     4.1844804591   15.734934046   14.128825330               -1.050

     4.1844804581   19.429934046   20.299492620               -1.050

     4.1844804591   20.686234046   15.107934900               -1.050

     4.1844804591   21.905584046   19.434233000               -1.050

     4.1844804591   3.3936340481   15.107934900               -1.050

     4.1844804591   2.0264840481   19.434233000               -1.050

     4.1844804591   0.9549340481   14.128825330               -1.050

     1.3948101991   6.4956764031   8.9144676201               -1.050

     1.3948101981   7.7519764031   3.7229099001               -1.050

     1.3948101991   12.629376406   3.7229099001               -1.050

     1.3948101991   9.1191264031   8.0492080001               -1.050

     1.3948101991   11.410026402   8.0492080001               -1.050

     1.3948101991   10.190676402   2.7438003301               -1.050

     6.9741507191   2.8041916931   8.9144676201               -1.050

     6.9741507181   4.0604916931   3.7229099001               -1.050

     6.9741507191   8.9378916931   3.7229099001               -1.050

     6.9741507191   5.4276416941   8.0492080001               -1.050

     6.9741507191   7.7185416931   8.0492080001               -1.050

     6.9741507191   6.4991916931   2.7438003301               -1.050

     1.3948101991   13.885676406   8.9144676201               -1.050

     1.3948101991   15.141976406   3.7229099001               -1.050

     1.3948101991   20.019376406   3.7229099001               -1.050

     1.3948101981   16.509126406   8.0492080001               -1.050

     1.3948101991   18.800026406   8.0492080001               -1.050

     1.3948101991   17.580676406   2.7438003301               -1.050

     6.9741507191   10.194191694   8.9144676201               -1.050

     6.9741507191   11.450491693   3.7229099001               -1.050

     6.9741507191   16.327891696   3.7229099001               -1.050

     6.9741507181   12.817641696   8.0492080001               -1.050

     6.9741507191   15.108541696   8.0492080001               -1.050

     6.9741507191   13.889191696   2.7438003301               -1.050

     1.3948101981   21.275676406   8.9144676201               -1.050

     6.9741507191   17.584191696   8.9144676201               -1.050

     6.9741507191   18.840491696   3.7229099001               -1.050

     6.9741507191   20.207641696   8.0492080001               -1.050

     6.9741507191   21.279191696   2.7438003301               -1.050

     1.3948102001   0.3619764031   3.7229099001               -1.050

     1.3948101991   5.2393764031   3.7229099001               -1.050

     1.3948101991   1.7291264031   8.0492080001               -1.050

     1.3948101991   4.0200264031   8.0492080001               -1.050

     1.3948101991   2.8006764031   2.7438003301               -1.050

     6.9741507191   1.5478916931   3.7229099001               -1.050

     6.9741507201   0.3285416931   8.0492080001               -1.050

     9.7638264391   15.724388176   20.299492620               -1.050

     9.7638264391   21.858088176   15.107934900               -1.050

     9.7638264391   16.980688176   15.107934900               -1.050

     9.7638264391   20.490938176   19.434233000               -1.050

     9.7638264391   18.200038176   19.434233000               -1.050

     9.7638264391   19.419388176   14.128825330               -1.050

     15.343166959   12.032903466   20.299492620               -1.050

     15.343166959   18.166603466   15.107934900               -1.050

     15.343166959   13.289203466   15.107934900               -1.050

     15.343166959   16.799453466   19.434233000               -1.050

     15.343166959   14.508553466   19.434233000               -1.050

     15.343166959   15.727903466   14.128825330               -1.050

     20.922507479   8.3414187571   20.299492620               -1.050

     20.922507479   14.475118756   15.107934900               -1.050

     20.922507478   9.5977187571   15.107934900               -1.050

     20.922507479   13.107968756   19.434233000               -1.050

     20.922507479   10.817068757   19.434233000               -1.050

     20.922507479   12.036418756   14.128825330               -1.050

     15.343166959   19.422903466   20.299492620               -1.050

     15.343166959   20.679203466   15.107934900               -1.050

     15.343166959   21.898553466   19.434233000               -1.050

     20.922507479   15.731418756   20.299492620               -1.050

     20.922507479   21.865118756   15.107934900               -1.050

     20.922507479   16.987718756   15.107934900               -1.050

     20.922507479   20.497968756   19.434233000               -1.050

     20.922507479   18.207068756   19.434233000               -1.050

     20.922507479   19.426418756   14.128825330               -1.050

     9.7638264391   0.9443881761   20.299492620               -1.050

     9.7638264391   7.0780881751   15.107934900               -1.050

     9.7638264391   2.2006881761   15.107934900               -1.050

     9.7638264391   5.7109381761   19.434233000               -1.050

     9.7638264391   3.4200381761   19.434233000               -1.050

     9.7638264391   4.6393881761   14.128825330               -1.050

     15.343166959   3.3866034661   15.107934900               -1.050

     15.343166959   2.0194534671   19.434233000               -1.050

     15.343166959   0.9479034661   14.128825330               -1.050

     9.7638264391   8.3343881761   20.299492620               -1.050

     9.7638264391   14.468088176   15.107934900               -1.050

     9.7638264391   9.5906881761   15.107934900               -1.050

     9.7638264391   13.100938176   19.434233000               -1.050

     9.7638264391   10.810038176   19.434233000               -1.050

     9.7638264391   12.029388176   14.128825330               -1.050

     15.343166959   4.6429034671   20.299492620               -1.050

     15.343166959   10.776603467   15.107934900               -1.050

     15.343166959   5.8992034671   15.107934900               -1.050

    15.343166959   9.4094534671   19.434233000               -1.050

    15.343166959   7.1185534671   19.434233000               -1.050

    15.343166959   8.3379034671   14.128825330               -1.050

    20.922507479   0.9514187581   20.299492620               -1.050

    20.922507479   7.0851187571   15.107934900               -1.050

    20.922507479   2.2077187571   15.107934900               -1.050

    20.922507479   5.7179687581   19.434233000               -1.050

    20.922507479   3.4270687571   19.434233000               -1.050

    20.922507479   4.6464187571   14.128825330               -1.050

    12.553496699   13.878645826   8.9144676201               -1.050

    12.553496699   15.134945826   3.7229099001               -1.050

    12.553496699   20.012345826   3.7229099001               -1.050

    12.553496699   16.502095826   8.0492080001               -1.050

    12.553496699   18.792995816   8.0492080001               -1.050

    12.553496699   17.573645826   2.7438003301               -1.050

    18.132837219   10.187161112   8.9144676201               -1.050

    18.132837219   11.443461112   3.7229099001               -1.050

    18.132837219   16.320861116   3.7229099001               -1.050

    18.132837219   12.810611116   8.0492080001               -1.050

    18.132837219   15.101511116   8.0492080001               -1.050

    18.132837219   13.882161116   2.7438003301               -1.050

    12.553496699   21.268645826   8.9144676201               -1.050

    18.132837219   17.577161116   8.9144676201               -1.050

    18.132837219   18.833461116   3.7229099001               -1.050

    18.132837219   20.200611116   8.0492080001               -1.050

    18.132837219   21.272161116   2.7438003301               -1.050

    12.553496699   0.3549458211   3.7229099001               -1.050

    12.553496699   5.2323458211   3.7229099001               -1.050

    12.553496699   1.7220958221   8.0492080001               -1.050

    12.553496699   4.0129958211   8.0492080001               -1.050

    12.553496699   2.7936458211   2.7438003301               -1.050

    18.132837219   1.5408611111   3.7229099001               -1.050

    18.132837219   0.3215111111   8.0492080001               -1.050

    12.553496699   6.4886458221   8.9144676201               -1.050

    12.553496699   7.7449458211   3.7229099001               -1.050

    12.553496699   12.622345826   3.7229099001               -1.050

    12.553496699   9.1120958211   8.0492080001               -1.050

    12.553496699   11.402995821   8.0492080001               -1.050

    12.553496699   10.183645821   2.7438003301               -1.050

    18.132837219   2.7971611121   8.9144676201               -1.050

    18.132837219   4.0534611121   3.7229099001               -1.050

    18.132837219   8.9308611121   3.7229099001               -1.050

    18.132837219   5.4206111121   8.0492080001               -1.050

    18.132837219   7.7115111121   8.0492080001               -1.050

    18.132837219   6.4921611121   2.7438003301               -1.050

    5.4900461411   6.4243566261   21.729447992             -1.1808

    2.8733354371   6.5298629551   12.805888911             -1.1808

    5.4900461411   6.5352066261   12.805888911             -1.1808

    2.8733354371   6.4190129541   21.729447992             -1.1808

    5.4900461401   10.111966626   12.805888911             -1.1808

    5.4900461411   10.230206626   21.729447992             -1.1808

    2.8733354371   10.232252955   21.729447992             -1.1808

    2.8733354361   10.114012955   12.805888911             -1.1808

    5.4900461401   13.814356626   21.729447992             -1.1808

    2.8733354361   13.919862956   12.805888911             -1.1808

    5.4900461411   13.925206626   12.805888911             -1.1808

    2.8733354371   13.809012956   21.729447992             -1.1808

    5.4900461411   17.501966626   12.805888911             -1.1808

    5.4900461411   17.620206626   21.729447992             -1.1808

    2.8733354361   17.622252956   21.729447992             -1.1808

    2.8733354371   17.504012956   12.805888911             -1.1808

    5.4900461401   21.204356626   21.729447992             -1.1808

    2.8733354361   21.309862956   12.805888911             -1.1808

    5.4900461401   21.315206626   12.805888911             -1.1808

    2.8733354361   21.199012956   21.729447992             -1.1808

    5.4900461411   2.7219666271   12.805888911             -1.1808

    5.4900461411   2.8402066261   21.729447992             -1.1808

    2.8733354371   2.8422529551   21.729447992             -1.1808

    2.8733354371   2.7240129541   12.805888911             -1.1808

    0.0892445171   12.111253826   10.344422992             -1.1808

    2.7059552211   12.005747496   1.4208639101             -1.1808

    0.0892445171   12.000403826   1.4208639101             -1.1808

    2.7059552201   12.116597496   10.344422992             -1.1808

    0.0892445171   8.4236438251   1.4208639101             -1.1808

    0.0892445171   8.3054038241   10.344422992             -1.1808

    2.7059552211   8.3033574961   10.344422992             -1.1808

    2.7059552211   8.4215974961   1.4208639101             -1.1808

    5.6685850371   8.4197691161   10.344422992             -1.1808

    5.6685850371   8.3089191161   1.4208639101             -1.1808

    5.6685850371   4.7321591161   1.4208639101             -1.1808

    5.6685850371   4.6139191151   10.344422992             -1.1808

    0.0892445181   19.501253826   10.344422992             -1.1808

    2.7059552211   19.395747496   1.4208639101             -1.1808

    0.0892445171   19.390403826   1.4208639101             -1.1808

    2.7059552211   19.506597496   10.344422992             -1.1808

    0.0892445171   15.813643826   1.4208639101             -1.1808

    0.0892445171   15.695403826   10.344422992             -1.1808

    2.7059552201   15.693357496   10.344422992             -1.1808

    2.7059552211   15.811597496   1.4208639101             -1.1808

    5.6685850381   15.809769116   10.344422992             -1.1808

    5.6685850371   15.698919116   1.4208639101             -1.1808

    5.6685850371   12.122159116   1.4208639101             -1.1808

    5.6685850371   12.003919116   10.344422992             -1.1808

    5.6685850371   19.512159116   1.4208639101             -1.1808

    5.6685850381   19.393919116   10.344422992             -1.1808

    0.0892445181   4.7212538251   10.344422992             -1.1808

    2.7059552211   4.6157474961   1.4208639101             -1.1808

    0.0892445171   4.6104038251   1.4208639101             -1.1808

    2.7059552221   4.7265974961   10.344422992             -1.1808

    0.0892445171   1.0336438251   1.4208639101             -1.1808

    0.0892445181   0.9154038241   10.344422992             -1.1808

    2.7059552211   0.9133574961   10.344422992             -1.1808

    2.7059552221   1.0315974961   1.4208639101             -1.1808

    5.6685850381   1.0297691151   10.344422992             -1.1808

    5.6685850371   0.9189191151   1.4208639101             -1.1808

    11.069392119   17.498810756   21.729447992             -1.1808

    8.4526814191   17.604317086   12.805888911             -1.1808

    11.069392119   17.609660756   12.805888911             -1.1808

    8.4526814191   17.493467086   21.729447992             -1.1808

    11.069392119   21.186420756   12.805888911             -1.1808

    11.069392119   21.304660756   21.729447992             -1.1808

    8.4526814191   21.306707086   21.729447992             -1.1808

    8.4526814191   21.188467086   12.805888911             -1.1808

    16.648732639   13.807326046   21.729447992             -1.1808

    14.032021939   13.912832376   12.805888911             -1.1808

    16.648732639   13.918176046   12.805888911             -1.1808

    14.032021939   13.801982376   21.729447992             -1.1808

    16.648732639   17.494936046   12.805888911             -1.1808

    16.648732639   17.613176046   21.729447992             -1.1808

    14.032021939   17.615222376   21.729447992             -1.1808

    14.032021939   17.496982376   12.805888911             -1.1808

    22.228073161   10.115841336   21.729447992             -1.1808

    19.611362459   10.221347664   12.805888911             -1.1808

    22.228073160   10.226691335   12.805888911             -1.1808

    19.611362459   10.110497664   21.729447992             -1.1808

    22.228073160   13.803451336   12.805888911             -1.1808

    22.228073160   13.921691336   21.729447992             -1.1808

    19.611362459   13.923737666   21.729447992             -1.1808

    19.611362459   13.805497666   12.805888911             -1.1808

    16.648732639   21.197326046   21.729447992             -1.1808

    14.032021939   21.302832376   12.805888911             -1.1808

    16.648732639   21.308176046   12.805888911             -1.1808

    14.032021939   21.191982376   21.729447992             -1.1808

    22.228073160   17.505841336   21.729447992             -1.1808

    19.611362459   17.611347666   12.805888911             -1.1808

    22.228073160   17.616691336   12.805888911             -1.1808

    19.611362459   17.500497666   21.729447992             -1.1808

    22.228073160   21.193451336   12.805888911             -1.1808

    22.228073161   21.311691336   21.729447992             -1.1808

    19.611362459   21.313737666   21.729447992             -1.1808

    19.611362459   21.195497666   12.805888911             -1.1808

    11.069392119   2.7188107541   21.729447992             -1.1808

    8.4526814191   2.8243170831   12.805888911             -1.1808

    11.069392119   2.8296607541   12.805888911             -1.1808

    8.4526814191   2.7134670821   21.729447992             -1.1808

    11.069392119   6.4064207541   12.805888911             -1.1808

    11.069392119   6.5246607541   21.729447992             -1.1808

    8.4526814191   6.5267070831   21.729447992             -1.1808

    8.4526814191   6.4084670831   12.805888911             -1.1808

    16.648732639   2.7149360451   12.805888911             -1.1808

    16.648732639   2.8331760441   21.729447992             -1.1808

    14.032021939   2.8352223731   21.729447992             -1.1808

    14.032021939   2.7169823741   12.805888911             -1.1808

    11.069392119   10.108810754   21.729447992             -1.1808

    8.4526814191   10.214317083   12.805888911             -1.1808

    11.069392119   10.219660755   12.805888911             -1.1808

    8.4526814191   10.103467083   21.729447992             -1.1808

    11.069392119   13.796420756   12.805888911             -1.1808

    11.069392119   13.914660756   21.729447992             -1.1808

    8.4526814191   13.916707086   21.729447992             -1.1808

    8.4526814191   13.798467086   12.805888911             -1.1808

    16.648732639   6.4173260441   21.729447992             -1.1808

    14.032021939   6.5228323731   12.805888911             -1.1808

    16.648732639   6.5281760451   12.805888911             -1.1808

    14.032021939   6.4119823731   21.729447992             -1.1808

    16.648732639   10.104936045   12.805888911             -1.1808

    16.648732639   10.223176045   21.729447992             -1.1808

    14.032021939   10.225222374   21.729447992             -1.1808

    14.032021939   10.106982373   12.805888911             -1.1808

    22.228073161   2.7258413351   21.729447992             -1.1808

    19.611362459   2.8313476641   12.805888911             -1.1808

    22.228073161   2.8366913361   12.805888911             -1.1808

    19.611362459   2.7204976641   21.729447992             -1.1808

    22.228073161   6.4134513361   12.805888911             -1.1808

    22.228073161   6.5316913351   21.729447992             -1.1808

    19.611362459   6.5337376651   21.729447992             -1.1808

    19.611362459   6.4154976641   12.805888911             -1.1808

    11.247931019   19.494223246   10.344422992             -1.1808

    13.864641719   19.388716916   1.4208639101             -1.1808

    11.247931019   19.383373246   1.4208639101             -1.1808

    13.864641719   19.499566916   10.344422992             -1.1808

    11.247931019   15.806613246   1.4208639101             -1.1808

    11.247931019   15.688373246   10.344422992             -1.1808

    13.864641719   15.686326916   10.344422992             -1.1808

    13.864641719   15.804566916   1.4208639101             -1.1808

    16.827271539   15.802738536   10.344422992             -1.1808

    19.443982239   15.697232206   1.4208639101             -1.1808

    16.827271539   15.691888536   1.4208639101             -1.1808

    19.443982239   15.808082206   10.344422992             -1.1808

    16.827271539   12.115128536   1.4208639101             -1.1808

    16.827271539   11.996888536   10.344422992             -1.1808

    19.443982239   11.994842206   10.344422992             -1.1808

    19.443982239   12.113082206   1.4208639101             -1.1808

    8.2853011991   19.377811626   10.344422992             -1.1808

    8.2853011991   19.496051626   1.4208639101             -1.1808

    16.827271539   19.505128536   1.4208639101             -1.1808

    16.827271539   19.386888536   10.344422992             -1.1808

    19.443982239   19.384842206   10.344422992             -1.1808

    19.443982239   19.503082206   1.4208639101             -1.1808

    8.2853011991   0.9102016241   1.4208639101             -1.1808

    8.2853011991   1.0210516241   10.344422992             -1.1808

    11.247931019   4.7142232441   10.344422992             -1.1808

    13.864641719   4.6087169151   1.4208639101             -1.1808

    11.247931019   4.6033732441   1.4208639101             -1.1808

    13.864641719   4.7195669151   10.344422992             -1.1808

    11.247931019   1.0266132441   1.4208639101             -1.1808

    11.247931019   0.9083732431   10.344422992             -1.1808

    13.864641719   0.9063269151   10.344422992             -1.1808

    13.864641719   1.0245669151   1.4208639101             -1.1808

    16.827271539   1.0227385341   10.344422992             -1.1808

    19.443982239   0.9172322051   1.4208639101             -1.1808

    16.827271539   0.9118885341   1.4208639101             -1.1808

    19.443982239   1.0280822051   10.344422992             -1.1808

    8.2853011991   8.3002016241   1.4208639101             -1.1808

    8.2853011991   8.4110516241   10.344422992             -1.1808

    8.2853011991   4.5978116241   10.344422992             -1.1808

    8.2853011991   4.7160516241   1.4208639101             -1.1808

    11.247931019   12.104223246   10.344422992             -1.1808

    13.864641719   11.998716916   1.4208639101             -1.1808

    11.247931019   11.993373246   1.4208639101             -1.1808

    13.864641719   12.109566916   10.344422992             -1.1808

    11.247931019   8.4166132431   1.4208639101             -1.1808

    11.247931019   8.2983732431   10.344422992             -1.1808

    13.864641719   8.2963269151   10.344422992             -1.1808

    13.864641719   8.4145669151   1.4208639101             -1.1808

    16.827271539   8.4127385341   10.344422992             -1.1808

    19.443982239   8.3072322061   1.4208639101             -1.1808

    16.827271539   8.3018885341   1.4208639101             -1.1808

    19.443982239   8.4180822051   10.344422992             -1.1808

    16.827271539   4.7251285341   1.4208639101             -1.1808

    16.827271539   4.6068885341   10.344422992             -1.1808

    19.443982239   4.6048422051   10.344422992             -1.1808

    19.443982239   4.7230822061   1.4208639101             -1.1808

    8.2853011991   15.690201626   1.4208639101             -1.1808

    8.2853011991   15.801051626   10.344422992             -1.1808

    8.2853011991   11.987811626   10.344422992             -1.1808

    8.2853011991   12.106051626   1.4208639101             -1.1808

    7.3647045561   8.3469377641   14.948544970             -1.1808

    7.3926012581   4.6556503401   19.343153040             -1.1808

    1.7853640351   12.038422476   14.948544970             -1.1808

    3.1690404841   12.039294266   17.180003990             -1.1808

    1.8132607371   8.3471350491   19.343153040             -1.1808

    3.3475793811   8.3444067551   17.225543970             -1.1808

    7.3647045551   15.736937766   14.948544970             -1.1808

    7.3926012581   12.045650336   19.343153040             -1.1808

    1.7853640351   19.428422476   14.948544970             -1.1808

    3.1690404841   19.429294266   17.180003990             -1.1808

    1.8132607371   15.737135046   19.343153040             -1.1808

    3.3475793811   15.734406756   17.225543970             -1.1808

    7.3926012591   19.435650336   19.343153040             -1.1808

    7.3647045561   0.9569377641   14.948544970             -1.1808

    1.7853640351   4.6484224731   14.948544970             -1.1808

    3.1690404841   4.6492942661   17.180003990             -1.1808

    1.8132607381   0.9571350501   19.343153040             -1.1808

    3.3475793811   0.9544067551   17.225543970             -1.1808

    3.7939266221   6.4971879781   3.5635199701             -1.1808

    2.4102501741   6.4963161861   5.7949789901             -1.1808

    3.7660299201   10.188475401   7.9581280401             -1.1808

    2.2317112771   10.191203697   5.8405189701             -1.1808

    3.7939266231   13.887187976   3.5635199701             -1.1808

    2.4102501731   13.886316186   5.7949789901             -1.1808

    3.7660299201   17.578475396   7.9581280401             -1.1808

    2.2317112761   17.581203696   5.8405189701             -1.1808

    3.7939266231   21.277187976   3.5635199701             -1.1808

    2.4102501731   21.276316186   5.7949789901             -1.1808

    3.7660299201   2.7984754011   7.9581280401             -1.1808

    2.2317112771   2.8012036961   5.8405189701             -1.1808

    8.9269253591   19.418860886   17.225543970             -1.1808

    12.944050539   19.421391896   14.948544970             -1.1808

    14.327726989   19.422263686   17.180003990             -1.1808

    12.971947239   15.730104466   19.343153040             -1.1808

    14.506265879   15.727376176   17.225543970             -1.1808

    18.523391059   15.729907186   14.948544970             -1.1808

    19.907067499   15.730778976   17.180003990             -1.1808

    18.551287759   12.038619756   19.343153040             -1.1808

    20.085606399   12.035891466   17.225543970             -1.1808

    18.551287759   19.428619756   19.343153040             -1.1808

    20.085606399   19.425891466   17.225543970             -1.1808

    8.7483864591   0.9437483931   17.180003990             -1.1808

    8.7483864591   8.3337483931   17.180003990             -1.1808

    8.9269253591   4.6388608831   17.225543970             -1.1808

    12.944050539   4.6413918921   14.948544970             -1.1808

    14.327726989   4.6422636841   17.180003990             -1.1808

    12.971947239   0.9501044681   19.343153040             -1.1808

    14.506265879   0.9473761731   17.225543970             -1.1808

    18.523391059   0.9499071831   14.948544970             -1.1808

    19.907067499   0.9507789751   17.180003990             -1.1808

    8.7483864591   15.723748396   17.180003990             -1.1808

    8.9269253591   12.028860886   17.225543970             -1.1808

    12.944050539   12.031391896   14.948544970             -1.1808

    14.327726989   12.032263686   17.180003990             -1.1808

    12.971947239   8.3401044681   19.343153040             -1.1808

    14.506265879   8.3373761741   17.225543970             -1.1808

    18.523391059   8.3399071821   14.948544970             -1.1808

    19.907067499   8.3407789751   17.180003990             -1.1808

    18.551287759   4.6486197591   19.343153040             -1.1808

    20.085606399   4.6458914641   17.225543970             -1.1808

    14.952613119   13.880157396   3.5635199701             -1.1808

    13.568936669   13.879285606   5.7949789901             -1.1808

    14.924716419   17.571444816   7.9581280401             -1.1808

    13.390397779   17.574173116   5.8405189701             -1.1808

    20.531953639   10.188672687   3.5635199701             -1.1808

    19.148277189   10.187800895   5.7949789901             -1.1808

    20.504056939   13.879960106   7.9581280401             -1.1808

    18.969738299   13.882688406   5.8405189701             -1.1808

    9.3732725991   17.571642106   3.5635199701             -1.1808

    7.9895961491   17.570770316   5.7949789901             -1.1808

    9.3453758991   21.262929526   7.9581280401             -1.1808

    7.8110572591   21.265657826   5.8405189701             -1.1808

    14.952613119   21.270157396   3.5635199701             -1.1808

    13.568936669   21.269285606   5.7949789901             -1.1808

    20.531953639   17.578672686   3.5635199701             -1.1808

    19.148277189   17.577800896   5.7949789901             -1.1808

    20.504056939   21.269960116   7.9581280401             -1.1808

    18.969738299   21.272688406   5.8405189701             -1.1808

    14.924716419   2.7914448201   7.9581280401             -1.1808

    13.390397779   2.7941731151   5.8405189701             -1.1808

    9.3732725991   2.7916421061   3.5635199701             -1.1808

    7.9895961491   2.7907703141   5.7949789901             -1.1808

    9.3453758991   6.4829295291   7.9581280401             -1.1808

    7.8110572591   6.4856578251   5.8405189701             -1.1808

    14.952613119   6.4901573971   3.5635199701             -1.1808

    13.568936669   6.4892856041   5.7949789901             -1.1808

    14.924716419   10.181444820   7.9581280401             -1.1808

    13.390397779   10.184173115   5.8405189701             -1.1808

    20.531953639   2.7986726881   3.5635199701             -1.1808

    19.148277189   2.7978008951   5.7949789901             -1.1808

    20.504056939   6.4899601111   7.9581280401             -1.1808

    18.969738299   6.4926884051   5.8405189701             -1.1808

    9.3732725991   10.181642106   3.5635199701             -1.1808

    7.9895961491   10.180770313   5.7949789901             -1.1808

    9.3453758991   13.872929526   7.9581280401             -1.1808

    7.8110572591   13.875657826   5.8405189701             -1.1808

   1.3948101991   8.3431764031   12.375536100              1.360

   1.3948101991   8.3431764031   21.779541970              1.360

   1.3948101991   12.038176406   12.375536100              1.360

   1.3948101991   12.038176406   21.779541970              1.360

   6.9741507191   4.6516916941   12.375536100              1.360

   6.9741507191   4.6516916941   21.779541970              1.360

   6.9741507191   8.3466916931   12.375536100              1.360

   6.9741507191   8.3466916931   21.779541970              1.360

   1.3948101981   15.733176406   12.375536100              1.360

   1.3948101981   15.733176406   21.779541970              1.360

   1.3948101991   19.428176406   12.375536100              1.360

   1.3948101991   19.428176406   21.779541970              1.360

   6.9741507181   12.041691696   12.375536100              1.360

   6.9741507181   12.041691696   21.779541970              1.360

   6.9741507191   15.736691696   12.375536100              1.360

   6.9741507191   15.736691696   21.779541970              1.360

   6.9741507191   19.431691696   12.375536100              1.360

   6.9741507191   19.431691696   21.779541970              1.360

   1.3948101991   0.9531764031   12.375536100              1.360

   1.3948101991   0.9531764031   21.779541970              1.360

   1.3948101991   4.6481764031   12.375536100              1.360

   1.3948101991   4.6481764031   21.779541970              1.360

   6.9741507201   0.9566916941   12.375536100              1.360

   6.9741507201   0.9566916941   21.779541970              1.360

   4.1844804591   10.192434048   0.9905111001              1.360

   4.1844804591   10.192434048   10.394516970              1.360

   4.1844804591   6.4974340481   0.9905111001              1.360

   4.1844804591   6.4974340481   10.394516970              1.360

   4.1844804591   17.582434046   0.9905111001              1.360

   4.1844804591   17.582434046   10.394516970              1.360

   4.1844804581   13.887434046   0.9905111001              1.360

   4.1844804581   13.887434046   10.394516970              1.360

   4.1844804591   21.277434046   0.9905111001              1.360

   4.1844804591   21.277434046   10.394516970              1.360

   4.1844804591   2.8024340481   0.9905111001              1.360

   4.1844804591   2.8024340481   10.394516970              1.360

   12.553496699   15.726145826   12.375536100              1.360

   12.553496699   15.726145826   21.779541970              1.360

   12.553496699   19.421145826   12.375536100              1.360

   12.553496699   19.421145826   21.779541970              1.360

   18.132837219   12.034661116   12.375536100              1.360

   18.132837219   12.034661116   21.779541970              1.360

   18.132837219   15.729661116   12.375536100              1.360

   18.132837219   15.729661116   21.779541970              1.360

   18.132837219   19.424661116   12.375536100              1.360

   18.132837219   19.424661116   21.779541970              1.360

   12.553496699   0.9461458221   12.375536100              1.360

   12.553496699   0.9461458221   21.779541970              1.360

   12.553496699   4.6411458211   12.375536100              1.360

   12.553496699   4.6411458211   21.779541970              1.360

   18.132837219   0.9496611121   12.375536100              1.360

   18.132837219   0.9496611121   21.779541970              1.360

   12.553496699   8.3361458211   12.375536100              1.360

   12.553496699   8.3361458211   21.779541970              1.360

   12.553496699   12.031145826   12.375536100              1.360

   12.553496699   12.031145826   21.779541970              1.360

   18.132837219   4.6446611121   12.375536100              1.360

   18.132837219   4.6446611121   21.779541970              1.360

   18.132837219   8.3396611121   12.375536100              1.360

   18.132837219   8.3396611121   21.779541970              1.360

   9.7638264391   21.266888176   0.9905111001              1.360

   9.7638264391   21.266888176   10.394516970              1.360

   9.7638264391   17.571888176   0.9905111001              1.360

   9.7638264391   17.571888176   10.394516970              1.360

   15.343166959   17.575403466   0.9905111001              1.360

   15.343166959   17.575403466   10.394516970              1.360

   15.343166959   13.880403466   0.9905111001              1.360

   15.343166959   13.880403466   10.394516970              1.360

   20.922507479   13.883918756   0.9905111001              1.360

   20.922507479   13.883918756   10.394516970              1.360

   20.922507479   10.188918758   0.9905111001              1.360

   20.922507479   10.188918758   10.394516970              1.360

   15.343166959   21.270403466   0.9905111001              1.360

   15.343166959   21.270403466   10.394516970              1.360

   20.922507479   21.273918756   0.9905111001              1.360

   20.922507479   21.273918756   10.394516970              1.360

   20.922507478   17.578918756   0.9905111001              1.360

   20.922507478   17.578918756   10.394516970              1.360

   9.7638264391   6.4868881761   0.9905111001              1.360

   9.7638264391   6.4868881761   10.394516970              1.360

   9.7638264391   2.7918881761   0.9905111001              1.360

   9.7638264391   2.7918881761   10.394516970              1.360

   15.343166959   2.7954034671   0.9905111001              1.360

   15.343166959   2.7954034671   10.394516970              1.360

   9.7638264391   13.876888176   0.9905111001              1.360

   9.7638264391   13.876888176   10.394516970              1.360

   9.7638264391   10.181888176   0.9905111001              1.360

   9.7638264391   10.181888176   10.394516970              1.360

   15.343166959   10.185403467   0.9905111001              1.360

   15.343166959   10.185403467   10.394516970              1.360

   15.343166959   6.4904034671   0.9905111001              1.360

   15.343166959   6.4904034671   10.394516970              1.360

   20.922507479   6.4939187581   0.9905111001              1.360

   20.922507479   6.4939187581   10.394516970              1.360

   20.922507478   2.7989187571   0.9905111001              1.360

   20.922507478   2.7989187571   10.394516970              1.360